Template: NONE
Grime: 0.5978261
Palette: 10
Effects: SkyAndLightBloom-0.09782609-680-457, 
FadePalette: 12, 0.3695652
